$ANSIBLE_VAULT;1.1;AES256
35363834653135326366346534623138636463316664316631396664613138653339636663313033
3164613764623631633536356665623563663131303030310a373839333932333262336132313337
61383762326161663965613237393538636164366264326135376239643962663233363431343336
3966636238666436640a656430303062313937373636623231383734336131316331396162613130
33393731346333623561623238393439336665656438643966333132386436626239666262616565
30613338306137333438303462353862353531623065346438386363386232376434623730633164
36393434323461333033626261313037653330623962653264656463353132646165626232643634
35666333313134306465666437393365376535613066633639356331316233623236326638363037
39383464323036326661323566303761636431396564653362613532333830393637656265373061
38646133303339613466616161613933336134623637663136343634386538363839333962636365
30646339656438303234633239303234316463336633336535616565366135326561353338383731
64323563303935646532386534616261336632346465653139303163373836643836313936366630
39343961326437383037346637656433636366366634653136373135626661663735656264363136
63323737343336396432353338396233663333636538383738393364626338393661396665653563
39303037306630313933383932376332373462633930613666333436363763356561353030643938
37613333646664306664623264333966316366656138376232366436363736386532653634376438
63386135383637336230636565383830313265326238323664396265613166343532626631633633
30646537663266353035373932323130316436316539303662306663313636343031626434363735
646166356136373465646336666666663763
